%YAML:1.0
Camera matrix: !!opencv-matrix
   rows: 3
   cols: 3
   dt: d
   data: [ 1.1928367462496492e+003, 0., 3.7063740293945699e+002, 0.,
       1.1928367462496492e+003, 3.0419135285975432e+002, 0., 0., 1. ]
Distortion coefficients: !!opencv-matrix
   rows: 12
   cols: 1
   dt: d
   data: [ -3.4704653889345571e-001, 2.2233746501723926e+000, 0., 0.,
       -1.2065866882699341e+001, 0., 0., 0., 0., 0., 0., 0. ]
