<?xml version="1.0"?>
<opencv_storage>
	<images>
		PNG/2017_02_17__10_51_27.png
		PNG/2017_02_17__10_51_41.png
		PNG/2017_02_17__10_51_48.png
		PNG/2017_02_17__10_51_54.png
		PNG/2017_02_17__10_52_00.png
		PNG/2017_02_17__10_52_06.png
		PNG/2017_02_17__10_52_14.png
		PNG/2017_02_17__10_52_20.png
		PNG/2017_02_17__10_52_26.png
		PNG/2017_02_17__10_52_48.png
		PNG/2017_02_17__10_52_54.png
		PNG/2017_02_17__10_53_00.png
		PNG/2017_02_17__10_53_07.png
		PNG/2017_02_17__10_53_13.png
		PNG/2017_02_17__10_53_23.png
	</images>
</opencv_storage>