<?xml version="1.0"?>
<opencv_storage>
<calibration_time>"Sat May 27 20:25:38 2017"</calibration_time>
<nr_of_frames>15</nr_of_frames>
<image_width>768</image_width>
<image_height>580</image_height>
<board_width>14</board_width>
<board_height>10</board_height>
<square_size>50.</square_size>
<fix_aspect_ratio>1.</fix_aspect_ratio>
<!-- flags: +fix_aspectRatio +fix_principal_point +zero_tangent_dist +fix_k4 +fix_k5 -->
<flags>6158</flags>
<fisheye_model>0</fisheye_model>
<camera_matrix type_id="opencv-matrix">
  <rows>3</rows>
  <cols>3</cols>
  <dt>d</dt>
  <data>
    1.1892725693286789e+03 0. 384. 0. 1.1892725693286789e+03 290. 0. 0.
    1.</data></camera_matrix>
<distortion_coefficients type_id="opencv-matrix">
  <rows>5</rows>
  <cols>1</cols>
  <dt>d</dt>
  <data>
    -3.4608758602631129e-01 1.6982726488696818e+00 0. 0.
    -5.5372136176394555e+00</data></distortion_coefficients>
<avg_reprojection_error>3.9769496139245353e-01</avg_reprojection_error>
<per_view_reprojection_errors type_id="opencv-matrix">
  <rows>15</rows>
  <cols>1</cols>
  <dt>f</dt>
  <data>
    4.02880669e-01 3.36485088e-01 3.37405056e-01 3.99262249e-01
    3.66069764e-01 5.71006119e-01 8.89262915e-01 2.98992872e-01
    2.36567482e-01 2.52619863e-01 1.67067841e-01 1.85996577e-01
    1.77976355e-01 2.93369174e-01 4.28209066e-01</data></per_view_reprojection_errors>
<!-- a set of 6-tuples (rotation vector + translation vector) for each view -->
<extrinsic_parameters type_id="opencv-matrix">
  <rows>15</rows>
  <cols>6</cols>
  <dt>d</dt>
  <data>
    5.3434309454478068e-01 -2.5362819928152047e-03
    3.1839427724179512e-02 -3.2016684602458696e+02
    -2.6874196663414017e+02 1.5710267561114631e+03
    7.1948718963779235e-01 -6.6948759318317215e-03
    1.5013176673864963e-02 -3.2830650598849269e+02
    -2.4340998351636586e+02 1.5181814487231254e+03
    8.7858001978108646e-01 -1.0154114414351118e-02
    -2.5005772326339101e-05 -3.3292256185659062e+02
    -2.1797261605673026e+02 1.5121746629839629e+03
    9.7812753874611424e-01 -1.3495091610024297e-03
    -1.0566571870257065e-02 -3.3637937744075697e+02
    -2.0216650707063718e+02 1.5046391864022310e+03
    9.0227856072996848e-01 5.7554799656022440e-03
    -1.2679130591964580e-02 -3.3461980354806002e+02
    -2.1288876185865053e+02 1.5199053941566838e+03
    3.8480543914155363e-01 -4.0223058495301917e-02
    2.9031805401423812e-02 -3.1353720185681766e+02
    -2.5798202263309713e+02 1.5975105776253051e+03
    1.0395104416388873e-01 -3.2690129455089090e-01
    8.6473491839487455e-03 -2.7540354701080389e+02
    -2.4727396947749133e+02 1.5304865461495096e+03
    1.7070449999709542e-01 -7.0906732888147594e-01
    -9.7046008704210943e-02 -1.8681088720197579e+02
    -2.1815369263858668e+02 1.4207200811548391e+03
    1.9612480097534740e-01 -8.1842545193653560e-01
    -1.1591214186567206e-01 -1.5722395792350005e+02
    -2.0908670775002847e+02 1.3977098837655205e+03
    3.6026078951269891e-01 5.7864914515324339e-01 2.0160263236037068e-01
    -3.0611718125028693e+02 -3.5516403682563345e+02
    1.7742202777406044e+03 4.1310645584630779e-01 7.6287848636347555e-01
    2.6357244014251563e-01 -2.7765767792330081e+02
    -3.7628466722675307e+02 1.8236363959304879e+03
    4.1475309404238347e-01 9.2868154792425650e-01 2.9860858549455382e-01
    -2.4931339544388538e+02 -3.9783576406825182e+02
    1.8705938954204355e+03 3.8309594954136866e-01 6.2466889275629167e-01
    8.6329528771546413e-02 -3.4066746998084272e+02
    -3.1787030398235834e+02 1.8504475239707801e+03
    3.8250444052283344e-01 4.1585159634958824e-01 6.7581212117872547e-02
    -3.7511331208403590e+02 -3.0252190163553257e+02
    1.7974810512153720e+03 3.7849539447702002e-01 2.0300088338963193e-01
    7.0110892613478151e-02 -3.9789329469035437e+02
    -2.8932668392246114e+02 1.7345562846284195e+03</data></extrinsic_parameters>
<image_points type_id="opencv-matrix">
  <rows>15</rows>
  <cols>140</cols>
  <dt>"2f"</dt>
  <data>
    1.45952988e+02 9.03272018e+01 1.82373718e+02 9.08291397e+01
    2.19193344e+02 9.13566971e+01 2.56247803e+02 9.22097626e+01
    2.93491394e+02 9.29174271e+01 3.30983032e+02 9.38801727e+01
    3.68653992e+02 9.48533249e+01 4.06372864e+02 9.60138245e+01
    4.43910797e+02 9.73247910e+01 4.81386200e+02 9.86972351e+01
    5.18546753e+02 1.00300156e+02 5.55472473e+02 1.01842506e+02
    5.92128296e+02 1.03575371e+02 6.28211670e+02 1.05316322e+02
    1.48248352e+02 1.24498528e+02 1.83999390e+02 1.25109268e+02
    2.20356354e+02 1.25900185e+02 2.56824768e+02 1.26604088e+02
    2.93718018e+02 1.27399727e+02 3.30680084e+02 1.28387146e+02
    3.67694519e+02 1.29421417e+02 4.04823914e+02 1.30553909e+02
    4.41807922e+02 1.31800964e+02 4.78782074e+02 1.33024277e+02
    5.15566650e+02 1.34517044e+02 5.51950317e+02 1.36047058e+02
    5.87961975e+02 1.37592667e+02 6.23561218e+02 1.39228622e+02
    1.50468536e+02 1.57896927e+02 1.85722366e+02 1.58651520e+02
    2.21521515e+02 1.59358795e+02 2.57610687e+02 1.60232437e+02
    2.93833069e+02 1.61184753e+02 3.30360901e+02 1.62191208e+02
    3.66864899e+02 1.63157578e+02 4.03374603e+02 1.64296875e+02
    4.39883850e+02 1.65421494e+02 4.76264496e+02 1.66707397e+02
    5.12478821e+02 1.68030945e+02 5.48452087e+02 1.69373611e+02
    5.84036560e+02 1.70780212e+02 6.19062317e+02 1.72237213e+02
    1.52690262e+02 1.90496170e+02 1.87503799e+02 1.91310989e+02
    2.22768967e+02 1.92222443e+02 2.58342194e+02 1.92975159e+02
    2.94091492e+02 1.94062393e+02 3.30035828e+02 1.95027023e+02
    3.65945190e+02 1.96134583e+02 4.01889099e+02 1.97136993e+02
    4.37936890e+02 1.98252243e+02 4.73751984e+02 1.99414032e+02
    5.09481995e+02 2.00586823e+02 5.44851379e+02 2.01907394e+02
    5.79873535e+02 2.03178970e+02 6.14553162e+02 2.04532639e+02
    1.54943314e+02 2.22072525e+02 1.89326736e+02 2.23036575e+02
    2.24062775e+02 2.23975616e+02 2.59050262e+02 2.24871658e+02
    2.94298401e+02 2.25917801e+02 3.29657288e+02 2.26901276e+02
    3.65132904e+02 2.28019730e+02 4.00617279e+02 2.29081284e+02
    4.36018768e+02 2.30203262e+02 4.71407135e+02 2.31210144e+02
    5.06447968e+02 2.32391602e+02 5.41228760e+02 2.33499100e+02
    5.75864563e+02 2.34651154e+02 6.09936340e+02 2.35889664e+02
    1.57350433e+02 2.52887177e+02 1.91248474e+02 2.53864548e+02
    2.25408310e+02 2.54880798e+02 2.59846344e+02 2.55863327e+02
    2.94588440e+02 2.56865143e+02 3.29443390e+02 2.57983490e+02
    3.64292023e+02 2.58993011e+02 3.99292786e+02 2.60117645e+02
    4.34192169e+02 2.61050720e+02 4.68886017e+02 2.62222809e+02
    5.03530640e+02 2.63155579e+02 5.37788086e+02 2.64283813e+02
    5.71825195e+02 2.65237244e+02 6.05539185e+02 2.66338348e+02
    1.59657440e+02 2.82663422e+02 1.93005173e+02 2.83942841e+02
    2.26739410e+02 2.84823059e+02 2.60745331e+02 2.85980347e+02
    2.94915863e+02 2.86919739e+02 3.29213287e+02 2.88106476e+02
    3.63576233e+02 2.88990173e+02 3.98013336e+02 2.90150879e+02
    4.32317383e+02 2.91073944e+02 4.66576599e+02 2.92085632e+02
    5.00679382e+02 2.93106964e+02 5.34513733e+02 2.93996704e+02
    5.68119995e+02 2.95004181e+02 6.01263733e+02 2.95902588e+02
    1.62078094e+02 3.11710785e+02 1.94979736e+02 3.12765167e+02
    2.28199982e+02 3.14036804e+02 2.61583923e+02 3.14955505e+02
    2.95299927e+02 3.16159821e+02 3.29000061e+02 3.17115997e+02
    3.62774323e+02 3.18197540e+02 3.96677429e+02 3.19216461e+02
    4.30589996e+02 3.20222137e+02 4.64314331e+02 3.21131409e+02
    4.97861694e+02 3.22035706e+02 5.31235474e+02 3.22921631e+02
    5.64252380e+02 3.23747070e+02 5.96861328e+02 3.24602509e+02
    1.64467468e+02 3.39714783e+02 1.96855698e+02 3.40974457e+02
    2.29628159e+02 3.42118347e+02 2.62495941e+02 3.43198334e+02
    2.95601074e+02 3.44372559e+02 3.28823853e+02 3.45425323e+02
    3.62210999e+02 3.46405182e+02 3.95519318e+02 3.47428101e+02
